011000 000170 1 0 1.43783204d+01 5.60767406d-03-4.22185236d+02-2.51226677d+00     0.0000d+00-2.61718135d-06 4.43854508d+00-1.70502337d+00   0.00   300.0   Greenberg & Moller 89
011000 000170 2 0-4.83060685d-01 1.40677479d-03 1.19311989d+02         0.0000     0.0000d+00          0.000           0.00-4.23433299d+00   0.00   300.0   Greenberg & Moller 89
011000 000170 4 0-1.00588714d-01-1.80529413d-05 8.61185543d+00 1.24880954d-02     0.0000d+00 3.41172108d-08 6.83040995d-02 2.93922611d-01   0.00   300.0   Greenberg & Moller 89
011000 000071 1 0 0.58461277D-01 0.61203433D-04 0.00000000D+00 0.00000000D+00 0.00000000D+00 0.51526994D-07 0.00000000D+00 0.00000000D+00  0.000 300.000     Felmy et al. (1994)
011000 000071 2 0-0.38887913D+00 0.14450576D-02 0.00000000D+00 0.00000000D+00 0.00000000D+00 0.79227937D-06 0.00000000D+00 0.00000000D+00  0.000 300.000     Felmy et al. (1994
011000 000071 4 0-0.09561536D+00 4.98602362D-04 0.0            0.0            0.0           -6.47999959D-07 0.0            0.0             0.0   300.000     Felmy et al. (1994)
011000 000160 1 0 8.16920027d+01 3.01104957d-02-2.32193726d+03-1.43780207d+01-6.66496111d-01-1.03923656d-05        0.00000          0.000  25.00   250.0   Greenberg & Moller 89
011000 000160 2 0 1.00463018d+03 5.77453682d-01-2.18434467d+04-1.89110656d+02-2.03550488d-01-3.23949532d-04 1.46772243d+03          0.000  25.00   250.0   Greenberg & Moller 89
011000 000160 4 0-8.07816886d+01-3.54521126d-02 2.02438830d+03 1.46197730d+01-9.16974740d-02 1.43946005d-05-2.42272049d+00          0.000  25.00   250.0   Greenberg & Moller 89
011000 000161 1 0          .0454                                                                                                           25.00   25.00    Harvie et al. (1984)       
011000 000161 2 0           .398                                                                                                           25.00   25.00    Harvie et al. (1984)
011000 000080 1 0 -6.6052702d-01  4.5522681d-03           0.00           0.00           0.00 -6.8613774d-06           0.00           0.00 25.000 100.000   Sterner et al. (1996)
011000 000080 2 0           0.00           0.00           0.00           0.00           0.00  2.8379182d-06           0.00           0.00 25.000 100.000   Sterner et al. (1996)
011000 000080 4 0  1.0462530d-01 -5.6347570d-04           0.00           0.00           0.00  7.5964898d-07           0.00           0.00 25.000 100.000   Sterner et al. (1996)
011000 000070 1 0-2.64744648e+00 1.52565224e-02 0.00000000e+00 0.00000000e+00 0.00000000e+00-2.13146667e-05 0.00000000e+00 0.00000000e+00 25.000 100.000     Felmy et al. (1994)
011000 000070 2 0-7.77643468e+00 4.58638400e-02 0.00000000e+00 0.00000000e+00 0.00000000e+00-6.34666667e-05 0.00000000e+00 0.00000000e+00 25.000 100.000     Felmy et al. (1994)
011000 000061 1 0-1.51479352d+00 9.34423290d-03        0.00000         0.0000     0.0000d+00-1.39758428d-05        0.00000          0.000   5.00   45.0 Peiper and Pitzer (1982)
011000 000061 2 0-1.28749371d+00 7.97130439d-03        0.00000         0.0000     0.0000d+00-1.19384571d-05        0.00000          0.000   5.00   45.0 Peiper and Pitzer (1982) 
011000 000060 1 0-0.23726598D+01 0.14297884D-01 0.00000000D+00 0.00000000D+00 0.00000000D+00-0.20856602D-04 0.00000000D+00 0.00000000D+00  5.000  45.000     Felmy et al. (1994)
011000 000060 2 0-0.65684313D+01 0.51806230D-01 0.00000000D+00 0.00000000D+00 0.00000000D+00-0.82025687D-04 0.00000000D+00 0.00000000D+00  5.000  45.000     Felmy et al. (1994)
011000 000060 4 0 0.52057246D-02 0.00000000D+00 0.00000000D+00 0.00000000D+00 0.00000000D+00 0.00000000D+00 0.00000000D+00 0.00000000D+00  5.000  45.000     Felmy et al. (1994)
011000 000090 1 0 4.69412401               0.00- 246.801089970 -.672801112250     0.0000             0.0000        0.00000          0.000   25.0  100.0             Felmy (2001)
011000 000090 2 0 63.5955139700            0.00 -2832.9985180 -9.45100052870      0.0000             0.0000        0.00000          0.000   25.0  100.0             Felmy (2001)
011000 000090 4 0 .582561391270            0.00 -24.3986226360 -.086897582350     0.0000             0.0000        0.00000          0.000   25.0  100.0             Felmy (2001)
011000 000150 1 0      -.3101961      .00158428            0.0            0.0        0.0                0.0            0.0            0.0   25.0  100.0             Felmy (2001)
011000 000150 2 0  -30.422189894     .208543552            0.0            0.0        0.0        -3.1104d-04            0.0            0.0   25.0  100.0             Felmy (2001)
011000 010150 1 0    35.48478825           0.00 -1825.85081490 -5.15854408580     0.0000             0.0000        0.00000          0.000   25.0  100.0             Felmy (2001)
011000 010150 2 0   128.49586005           0.00 -6023.01642120 -18.7700481340     0.0000             0.0000        0.00000          0.000   25.0  100.0             Felmy (2001)
011000 010150 4 0  -15.990158235           0.00  799.160486660 2.337812347300     0.0000             0.0000        0.00000          0.000   25.0  100.0             Felmy (2001)
011000 000051 1 0         -.0427                                                                                                            25.0   25.0   Felmy and Weare (1986)
011000 000051 2 0           .089                                                                                                            25.0   25.0   Felmy and Weare (1986)
011000 000051 4 0          .0114                                                                                                            25.0   25.0   Felmy and Weare (1986)
011000 000052 1 0          -.056                                                                                                            25.0   25.0   Felmy and Weare (1986)
011000 000052 2 0          -.910                                                                                                            25.0   25.0   Felmy and Weare (1986)
011000 000053 1 0          -.110                                                                                                            25.0   25.0   Felmy and Weare (1986)
011000 000053 2 0           -.40                                                                                                            25.0   25.0   Felmy and Weare (1986)
011000 024084 1 0    0.0450                                                                                                                 25.0  100.0        Wesolowski (1992)
011000 024084 2 0    0.3100                                                                                                                 25.0  100.0        Wesolowski (1992)
011000 024084 4 0    -.0003                                                                                                                 25.0  100.0        Wesolowski (1992)
011000 000141 1 0     .0430                                                                                                                 25.0   25.0      Felmy et al. (2001)
011000 000141 2 0     .2400                                                                                                                 25.0   25.0      Felmy et al. (2001)
011000 000142 1 0     .3200                                                                                                                 25.0   25.0      Felmy et al. (2001)
011000 000142 2 0      .130                                                                                                                 25.0   25.0      Felmy et al. (2001)
011000 000143 1 0      .130                                                                                                                 25.0   25.0      Felmy et al. (2001)
011000 000143 2 0      1.50                                                                                                                 25.0   25.0      Felmy et al. (2001)
011000 000145 1 0      .490                                                                                                                 25.0   25.0      Felmy et al. (2001)
011000 000145 2 0      4.00                                                                                                                 25.0   25.0      Felmy et al. (2001)
011000 000146 1 0      .520                                                                                                                 25.0   25.0      Felmy et al. (2001)
011000 000146 2 0      4.00                                                                                                                 25.0   25.0      Felmy et al. (2001)
011000 000148 1 0      1.20                                                                                                                 25.0   25.0      Felmy et al. (2001)
011000 000148 2 0      11.0                                                                                                                 25.0   25.0      Felmy et al. (2001)
011000 001147 1 0      0.10                                                                                                                 25.0   25.0      Felmy et al. (2001)
011000 001147 2 0      1.50                                                                                                                 25.0   25.0      Felmy et al. (2001)
011000 001148 1 0      1.20                                                                                                                 25.0   25.0      Felmy et al. (2001)
011000 001148 2 0      11.0                                                                                                                 25.0   25.0      Felmy et al. (2001)
011000 000149 1 0      4.40                                                                                                                 25.0   25.0      Felmy et al. (2001)
011000 000149 2 0      30.0                                                                                                                 25.0   25.0      Felmy et al. (2001)
011000 001146 1 0      1.10                                                                                                                 25.0   25.0      Felmy et al. (2001)
011000 001146 2 0      11.0                                                                                                                 25.0   25.0      Felmy et al. (2001)
011000 013080 1 0-2.30868553d+01-2.85136830d-02 0.00000000d+00 5.25284306d+00     0.0000d+00 1.91794424d-05        0.00000          0.000   0.00   100.      Felmy et al. (1994)
011000 056084 1 0-2.30868553d+01-2.85136830d-02 0.00000000d+00 5.25284306d+00     0.0000d+00 1.91794424d-05                                 0.00   100.          Al(OH)4- analog
011000 025084 1 0-2.30868553d+01-2.85136830d-02 0.00000000d+00 5.25284306d+00     0.0000d+00 1.91794424d-05        0.00000          0.000   0.00   100.          Al(OH)4- analog
011000 013080 2 0 1.47146869d+01-4.16934729d-02-1.65948650d+03     0.0000d+00     0.0000d+00 4.03738043d-05        0.00000          0.000   0.00   100.      Felmy et al. (1994)
011000 056084 2 0 1.47146869d+01-4.16934729d-02-1.65948650d+03     0.0000d+00     0.0000d+00 4.03738043d-05        0.00000          0.000   0.00   100.          Al(OH)4- analog
011000 025084 2 0 1.47146869d+01-4.16934729d-02-1.65948650d+03     0.0000d+00     0.0000d+00 4.03738043d-05        0.00000          0.000   0.00   100.          Al(OH)4- analog
011000 013080 4 0-6.51551052d-01 1.70049180d-03 8.33134775d+01     0.0000d+00     0.0000d+00-1.52087866d-06        0.00000          0.000   0.00   100.      Felmy et al. (1994) 
011000 056084 4 0-6.51551052d-01 1.70049180d-03 8.33134775d+01     0.0000d+00     0.0000d+00-1.52087866d-06            0.0            0.0   0.00   100.          Al(OH)4- analog
019000 000170 1 0 2.67375563d+01 1.00721050d-02-7.58485453d+02-4.70624175d+00           0.00-3.75994338d-06          0.000          0.000   0.00   250.0   Greenberg & Moller 89
019000 000170 2 0-7.41559626d+00         0.0000 3.22892989d+02 1.16438557d+00           0.00          0.000          0.000-5.94578140d+00   0.00   250.0   Greenberg & Moller 89
019000 000170 4 0-3.30531334d+00-1.29807848d-03 9.12712100d+01 5.86450181d-01           0.00 4.95713573d-07          0.000          0.000   0.00   250.0   Greenberg & Moller 89
019000 000160 1 0 4.07908797d+01 8.26906675d-03-1.41842998d+03-6.74728848d+00           0.00          0.000          0.000          0.000   25.0   225.0   Greenberg & Moller 89
019000 000160 2 0-1.31669651d+01 2.35793239d-02 2.06712594d+03          0.000           0.00          0.000          0.000          0.000   25.0   225.0   Greenberg & Moller 89
019000 000160 4 0     -1.880d-02           0.00           0.00          0.000           0.00          0.000          0.000          0.000   25.0   225.0   Greenberg & Moller 89
019000 000161 1 0         -.0003                                                                                                            25.0    25.0    Harvie et al. (1984)        
019000 000161 2 0          .1735                                                                                                            25.0    25.0    Harvie et al. (1984)
019000 000070 1 0   -1.43019d-01       2.06d-04           0.00          0.000           0.00           0.00          0.000          0.000    0.00  100.0           Pitzer (1991)
019000 000070 2 0   -1.87367d+00       6.45d-03           0.00          0.000           0.00           0.00          0.000          0.000    0.00  100.0           Pitzer (1991)
019000 000070 4 0   -1.11766d-01       3.97d-04           0.00          0.000           0.00           0.00          0.000          0.000    0.00  100.0           Pitzer (1991)
019000 000080 1 0          .1298                                                                                                            25.0    25.0    Harvie et al. (1984)
019000 000080 2 0          .3200                                                                                                            25.0    25.0    Harvie et al. (1984)
019000 000080 4 0          .0041                                                                                                            25.0    25.0    Harvie et al. (1984)
019000 000061 1 0          .0296                                                                                                            25.0    25.0    Harvie et al. (1984)
019000 000061 2 0          -.013                                                                                                            25.0    25.0    Harvie et al. (1984)
019000 000061 4 0         -.0080                                                                                                            25.0    25.0    Harvie et al. (1984)
019000 000060 1 0          .1488                                                                                                            25.0    25.0    Harvie et al. (1984)
019000 000060 2 0          1.430                                                                                                            25.0    25.0    Harvie et al. (1984)
019000 000060 4 0         -.0015                                                                                                            25.0    25.0    Harvie et al. (1984)
019000 000051 1 0           .035                                                                                                            25.0    25.0  Felmy and Weare (1986)
019000 000051 2 0           .140                                                                                                            25.0    25.0  Felmy and Weare (1986)
019000 000052 1 0           -.13                                                                                                            25.0    25.0  Felmy and Weare (1986)
019000 000053 1 0          -.022                                                                                                            25.0    25.0  Felmy and Weare (1986)
020000 000170 1 0-9.41895832d+01-4.04750026d-02 2.34550368d+03 1.70912300d+01-9.22885841d-01 1.51488122d-05-1.39082000d+00          0.000   25.0   250.0   Greenberg & Moller 89
020000 000170 2 0         3.4787    -1.5417d-02           0.00          0.000           0.00     3.1791d-05          0.000          0.000   25.0   250.0   Greenberg & Moller 89
020000 000170 4 0 1.93056024d+01 9.77090932d-03-4.28383748d+02-3.57996343d+00 8.82068538d-02-4.62270238d-06 9.91113465d+00          0.000   25.0   250.0   Greenberg & Moller 89
020000 000160 1 0       1.50d-02           0.00           0.00          0.000           0.00           0.00          0.000          0.000   25.0   250.0   Greenberg & Moller 89
020000 000160 2 0       3.00d+00           0.00           0.00          0.000           0.00           0.00          0.000          0.000   25.0   250.0   Greenberg & Moller 89
020000 000160 3 1-1.29399287d+02 4.00431027d-01           0.00          0.000           0.00           0.00          0.000          0.000   0.00    50.0   Greenberg & Moller 89
020000 000161 1 0          .2145                                                                                                            25.0    25.0    Harvie et al. (1984)
020000 000161 2 0          2.530                                                                                                            25.0    25.0    Harvie et al. (1984)
020000 000080 1 0         -.1747                                                                                                            25.0    25.0    Harvie et al. (1984)
020000 000080 2 0         -.2303                                                                                                            25.0    25.0    Harvie et al. (1984)
020000 000080 3 0         -5.720                                                                                                            25.0    25.0    Harvie et al. (1984)
020000 000061 1 0           .400                                                                                                            25.0    25.0    Harvie et al. (1984)
020000 000061 2 0          2.977                                                                                                            25.0    25.0    Harvie et al. (1984)
012000 000170 1 0    5.76066d-01   -9.31654d-04           0.00          0.000           0.00    5.93915d-07          0.000          0.000    25.0  200.0     Felmy et al. (1993)
012000 000170 2 0    2.60135d+00   -1.09438d-02           0.00          0.000           0.00    2.60169d-05          0.000          0.000    25.0  200.0     Felmy et al. (1993)
012000 000170 4 0    6.57867d-02   -2.89125d-04           0.00          0.000           0.00    3.01823d-07          0.000          0.000    25.0  200.0     Felmy et al. (1993)
012000 000160 1 0    4.26724d-01       -6.9d-04           0.00          0.000           0.00           0.00          0.000          0.000    0.00  100.0     Felmy et al. (1993)
012000 000160 2 0   -1.21870d+00       1.53d-02           0.00          0.000           0.00           0.00          0.000          0.000    0.00  100.0     Felmy et al. (1993)
012000 000160 3 0    3.82020d+01      -2.53d-01           0.00          0.000           0.00           0.00          0.000          0.000    0.00  100.0     Felmy et al. (1993)
012000 000160 4 0   -1.30038d-01        5.2d-04           0.00          0.000           0.00           0.00          0.000          0.000    0.00  100.0     Felmy et al. (1993)
012000 000161 1 0          .4746                                                                                                             25.0   25.0    Harvie et al. (1984)
012000 000161 2 0         1.7290                                                                                                             25.0   25.0    Harvie et al. (1984)
012000 000061 1 0           .329                                                                                                             25.0   25.0    Harvie et al. (1984)
012000 000061 2 0          .6072                                                                                                             25.0   25.0    Harvie et al. (1984)
012080 000170 1 0           -.10                                                                                                             25.0   25.0    Harvie et al. (1984)
012080 000170 2 0         1.6580                                                                                                             25.0   25.0    Harvie et al. (1984)
001000 000170 1 0-5.10994520d+00-2.77338521d-03 1.18869006d+02 9.78060943d-01           0.00 1.46977794d-06          0.000          0.000    0.00  100.0     Felmy et al. (1993)
001000 000170 2 0 9.98470587d+02 5.42499234d-01-2.21692437d+04-1.86027338d+02           0.00-2.88597549d-04          0.000          0.000    0.00  100.0     Felmy et al. (1993)
001000 000170 4 0 3.80629451d-01 4.13229806d-04-2.35791816d+00-8.12430904d-02           0.00-3.30966091d-07          0.000          0.000    0.00  100.0     Felmy et al. (1993)
001000 000160 1 0          .0298                                                                                                             25.0   25.0    Harvie et al. (1984)
001000 000160 4 0          .0438                                                                                                             25.0   25.0    Harvie et al. (1984)
001000 000161 1 0          .2065                                                                                                             25.0   25.0    Harvie et al. (1984)
001000 000161 2 0          .5556                                                                                                             25.0   25.0    Harvie et al. (1984)
012051 000170 1 0            .16                                                                                                             25.0   25.0  Felmy and Weare (1986)            
020051 000170 1 0            .12                                                                                                             25.0   25.0  Felmy and Weare (1986)
001000 000070 1 0   -5.65001d-01     4.3883d-03           0.00          0.000           0.00     -6.950d-06          0.000          0.000    0.00  100.0     Felmy et al. (1993)
001000 000070 2 0    -1.1162d-01     1.3396d-03           0.00          0.000           0.00        0.00000          0.000          0.000    0.00  100.0     Felmy et al. (1993)
001000 000070 4 0     4.4287d-03    -5.7952d-05           0.00          0.000           0.00      8.160d-08          0.000          0.000    0.00  100.0     Felmy et al. (1993)
011000 000990 1 0   1.016                                                                                                                    25.0   25.0 Pokrovsky et al. (1998)
011000 000990 2 0   11.60                                                                                                                    25.0   25.0 Pokrovsky et al. (1998)
011000 000990 4 0   0.001                                                                                                                    25.0   25.0 Pokrovsky et al. (1998)
011000 001990 1 0  0.5458                                                                                                                    25.0   25.0 Pokrovsky et al. (1998)
011000 001990 2 0   5.220                                                                                                                    25.0   25.0 Pokrovsky et al. (1998)
011000 001990 4 0   -.048                                                                                                                    25.0   25.0 Pokrovsky et al. (1998)
011000 000980 1 0   .5458                                                                                                                    25.0   25.0      EDTA charge analog
011000 000980 2 0   5.220                                                                                                                    25.0   25.0      EDTA charge analog
011000 000980 4 0   -.048                                                                                                                    25.0   25.0      EDTA charge analog
011000 000960 1 0   .5458                                                                                                                    25.0   25.0      EDTA charge analog
011000 000960 2 0    5.22                                                                                                                    25.0   25.0      EDTA charge analog
011000 000960 4 0   -.048                                                                                                                    25.0   25.0      EDTA charge analog
011000 013990 1 0  -.2345                                                                                                                    25.0   25.0      EDTA charge analog
011000 013990 2 0   .2900                                                                                                                    25.0   25.0      EDTA charge analog
011000 013990 4 0   .0590                                                                                                                    25.0   25.0      EDTA charge analog
011000 013991 1 0  -.1262                                                                                                                    25.0   25.0      EDTA charge analog
011000 013991 2 0  1.7400                                                                                                                    25.0   25.0      EDTA charge analog
011000 013991 4 0   .0540                                                                                                                    25.0   25.0      EDTA charge analog
011000 013992 1 0   .5458                                                                                                                    25.0   25.0      EDTA charge analog
011000 013992 2 0   5.220                                                                                                                    25.0   25.0      EDTA charge analog
011000 013992 4 0   -.048                                                                                                                    25.0   25.0      EDTA charge analog
011000 028990 1 0  -.1262                                                                                                                    25.0   25.0      EDTA charge analog
011000 028990 2 0   1.740                                                                                                                    25.0   25.0      EDTA charge analog
011000 028990 4 0   .0540                                                                                                                    25.0   25.0      EDTA charge analog
011000 028991 1 0  .5458                                                                                                                     25.0   25.0      EDTA charge analog
011000 028991 2 0   5.220                                                                                                                    25.0   25.0      EDTA charge analog
011000 028991 4 0   -.048                                                                                                                    25.0   25.0      EDTA charge analog
011000 025990 1 0  -.1262                                                                                                                    25.0   25.0      EDTA charge analog
011000 025990 2 0  1.7400                                                                                                                    25.0   25.0      EDTA charge analog
011000 025990 4 0  .0540                                                                                                                     25.0   25.0      EDTA charge analog
011000 024991 1 0  -.048                                                                                                                     25.0   25.0      EDTA charge analog
011000 024991 2 0  1.740                                                                                                                     25.0   25.0      EDTA charge analog
011000 024991 4 0  .0540                                                                                                                     25.0   25.0      EDTA charge analog
011000 056990 1 0  -.2345                                                                                                                    25.0   25.0      EDTA charge analog
011000 056990 2 0   .2900                                                                                                                    25.0   25.0      EDTA charge analog
011000 056990 4 0   .0590                                                                                                                    25.0   25.0      EDTA charge analog
011000 056992 1 0  -.1262                                                                                                                    25.0   25.0      EDTA charge analog
011000 056992 2 0  1.7400                                                                                                                    25.0   25.0      EDTA charge analog
011000 056992 4 0    .054                                                                                                                    25.0   25.0      EDTA charge analog
011000 056993 1 0  1.0160                                                                                                                    25.0   25.0      EDTA charge analog
011000 056993 2 0   11.60                                                                                                                    25.0   25.0      EDTA charge analog
011000 056993 4 0   0.001                                                                                                                    25.0   25.0      EDTA charge analog
011000 060963 1 0   2.000                                                                                                                    25.0   25.0     Felmy et al. (2001)
011000 060963 2 0   18.00                                                                                                                    25.0   25.0     Felmy et al. (2001)
020000 000070 1 0   .2108                                                                                                                    25.0   25.0           Pitzer (1991)
020000 000071 1 0   .2108                                                                                                                    25.0   25.0          nitrate analog
020000 000070 2 0  1.4090                                                                                                                    25.0   25.0           Pitzer (1991)
020000 000071 2 0  1.4090                                                                                                                    25.0   25.0          nitrate analog
020000 000070 4 0   -.010                                                                                                                    25.0   25.0           Pitzer (1991)
020000 000071 4 0   -.010                                                                                                                    25.0   25.0          nitrate analog
011000 020061 1 0    .095                                                                                                                    25.0   25.0     Felmy et al. (1998)
011000 082062 1 0    .150                                                                                                                    25.0   25.0               Sr analog
038000 000080 1 0   -.061                                                                                                                    25.0   25.0     Felmy et al. (1998)
038000 000080 2 0  1.6550                                                                                                                    25.0   25.0     Felmy et al. (1998)
011000 038062 1 0   0.150                                                                                                                    25.0   25.0     Felmy et al. (1998)
011000 029061 1 0   -.140                                                                                                                    25.0   25.0               Cd analog
011000 029084 1 0   .4100                                                                                                                    25.0   25.0               Cd analog
011000 029084 2 0   .7000                                                                                                                    25.0   25.0               Cd analog
011000 025084 1 0   .4100                                                                                                                    25.0   25.0               Cd analog
011000 025084 2 0   .7000                                                                                                                    25.0   25.0               Cd analog
011000 038990 1 0  -.1262                                                                                                                    25.0   25.0      EDTA charge analog
011000 038990 2 0  1.7400                                                                                                                    25.0   25.0      EDTA charge analog
011000 038990 4 0  .05400                                                                                                                    25.0   25.0      EDTA charge analog
011000 020990 1 0  -.1262                                                                                                                    25.0   25.0      EDTA charge analog
011000 020990 2 0   1.740                                                                                                                    25.0   25.0      EDTA charge analog
011000 020990 4 0    .054                                                                                                                    25.0   25.0      EDTA charge analog
011000 082990 1 0  -.1262                                                                                                                    25.0   25.0      EDTA charge analog
011000 082990 2 0   1.740                                                                                                                    25.0   25.0      EDTA charge analog
011000 082990 4 0    .054                                                                                                                    25.0   25.0      EDTA charge analog
011000 025990 1 0  -.1262                                                                                                                    25.0   25.0      EDTA charge analog
011000 025990 2 0   1.740                                                                                                                    25.0   25.0      EDTA charge analog
011000 025990 4 0    .054                                                                                                                    25.0   25.0      EDTA charge analog
011000 060063 1 0   -.256                                                                                                                    25.0   25.0       Rao et al. (1996)
011000 060063 2 0  5.0000                                                                                                                    25.0   25.0       Rao et al. (1996)
011000 060063 4 0   .0443                                                                                                                    25.0   25.0       Rao et al. (1996)
011000 060084 1 0-2.30868553d+01-2.85136830d-02 0.00000000d+00 5.25284306d+00     0.0000d+00 1.91794424d-05        0.00000          0.000   0.00   100.          Al(OH)4- analog
011000 060084 2 0 1.47146869d+01-4.16934729d-02-1.65948650d+03     0.0000d+00     0.0000d+00 4.03738043d-05        0.00000          0.000   0.00   100.          Al(OH)4- analog
011000 060084 4 0-6.51551052d-01 1.70049180d-03 8.33134775d+01     0.0000d+00     0.0000d+00-1.52087866d-06        0.00000          0.000   0.00   100.          Al(OH)4- analog
060000 000070 1 0  .46820                                                                                                                    25.0   25.0           Pitzer (1991)
060000 000071 1 0  .46820                                                                                                                    25.0   25.0          nitrate analog
060000 000070 2 0   5.133                                                                                                                    25.0   25.0           Pitzer (1991)
060000 000071 2 0   5.133                                                                                                                    25.0   25.0          nitrate analog
060000 000070 4 0   -.055                                                                                                                    25.0   25.0           Pitzer (1991)
060000 000071 4 0   -.055                                                                                                                    25.0   25.0          nitrate analog
011000 060990 1 0  -.2345                                                                                                                    25.0   25.0      EDTA charge analog
011000 060990 2 0   0.290                                                                                                                    25.0   25.0      EDTA charge analog
011000 060990 4 0   .0590                                                                                                                    25.0   25.0      EDTA charge analog
011000 060991 1 0 -.12620                                                                                                                    25.0   25.0      EDTA charge analog
011000 060991 2 0  1.7400                                                                                                                    25.0   25.0      EDTA charge analog
011000 060991 4 0   .0540                                                                                                                    25.0   25.0      EDTA charge analog
011000 028990 1 0  -.1262                                                                                                                    25.0   25.0      EDTA charge analog
011000 028990 2 0   1.740                                                                                                                    25.0   25.0      EDTA charge analog
011000 028990 4 0   .0540                                                                                                                    25.0   25.0      EDTA charge analog
011000 028991 1 0   .5458                                                                                                                    25.0   25.0      EDTA charge analog
011000 028991 2 0   5.220                                                                                                                    25.0   25.0      EDTA charge analog
011000 028991 4 0   -.048                                                                                                                    25.0   25.0      EDTA charge analog
028000 000070 1 0   .3481                                                                                                                    25.0   25.0  ZnNO3 analog Pitzer 91
028000 000071 1 0   .3481                                                                                                                    25.0   25.0  ZnNO3 analog Pitzer 91
028000 000070 2 0   1.690                                                                                                                    25.0   25.0  ZnNO3 analog Pitzer 91
028000 000071 2 0   1.690                                                                                                                    25.0   25.0  ZnNO3 analog Pitzer 91
028000 000070 4 0  -.0078                                                                                                                    25.0   25.0  ZnNO3 analog Pitzer 91
028000 000071 4 0  -.0078                                                                                                                    25.0   25.0  ZnNO3 analog Pitzer 91
011000 056981 1 0  -.2345                                                                                                                    25.0   25.0      EDTA charge analog
011000 056981 2 0  .29000                                                                                                                    25.0   25.0      EDTA charge analog
011000 056981 4 0   .0590                                                                                                                    25.0   25.0      EDTA charge analog
011000 056982 1 0  -.1262                                                                                                                    25.0   25.0      EDTA charge analog
011000 056982 2 0  1.7400                                                                                                                    25.0   25.0      EDTA charge analog
011000 056982 4 0   .0540                                                                                                                    25.0   25.0      EDTA charge analog
011000 056983 1 0  .54580                                                                                                                    25.0   25.0      EDTA charge analog
011000 056983 2 0  5.2200                                                                                                                    25.0   25.0      EDTA charge analog
011000 056983 4 0   -.048                                                                                                                    25.0   25.0      EDTA charge analog
011000 056984 1 0  -.1262                                                                                                                    25.0   25.0      EDTA charge analog
011000 056984 2 0  1.7400                                                                                                                    25.0   25.0      EDTA charge analog
011000 056984 4 0   .0540                                                                                                                    25.0   25.0      EDTA charge analog
011000 038980 1 0  -.2345                                                                                                                    25.0   25.0      EDTA charge analog
011000 038980 2 0   .2900                                                                                                                    25.0   25.0      EDTA charge analog
011000 038980 4 0   .0590                                                                                                                    25.0   25.0      EDTA charge analog
011000 020980 1 0  -.2345                                                                                                                    25.0   25.0      EDTA charge analog
011000 020980 2 0   .2900                                                                                                                    25.0   25.0      EDTA charge analog
011000 020980 4 0   .0590                                                                                                                    25.0   25.0      EDTA charge analog
011000 025980 1 0  -.2345                                                                                                                    25.0   25.0      EDTA charge analog
011000 025980 2 0   .2900                                                                                                                    25.0   25.0      EDTA charge analog
011000 025980 4 0   .0590                                                                                                                    25.0   25.0      EDTA charge analog
011000 028980 1 0  -.2345                                                                                                                    25.0   25.0      EDTA charge analog
011000 028980 2 0  .29000                                                                                                                    25.0   25.0      EDTA charge analog
011000 028980 4 0   .0590                                                                                                                    25.0   25.0      EDTA charge analog
011000 082980 1 0  -.2345                                                                                                                    25.0   25.0      EDTA charge analog
011000 082980 2 0  .29000                                                                                                                    25.0   25.0      EDTA charge analog
011000 082980 4 0   .0590                                                                                                                    25.0   25.0      EDTA charge analog
011000 013981 1 0  -.2345                                                                                                                    25.0   25.0      EDTA charge analog
011000 013981 2 0   .2900                                                                                                                    25.0   25.0      EDTA charge analog
011000 013981 4 0   .0590                                                                                                                    25.0   25.0      EDTA charge analog
011000 013982 1 0  -.1262                                                                                                                    25.0   25.0      EDTA charge analog
011000 013982 2 0  1.7400                                                                                                                    25.0   25.0      EDTA charge analog
011000 013982 4 0  .05400                                                                                                                    25.0   25.0      EDTA charge analog
011000 060981 1 0  -.2345                                                                                                                    25.0   25.0      EDTA charge analog
011000 060981 2 0  .29000                                                                                                                    25.0   25.0      EDTA charge analog
011000 060981 4 0  .05900                                                                                                                    25.0   25.0      EDTA charge analog
011000 060982 1 0  -.1262                                                                                                                    25.0   25.0      EDTA charge analog
011000 060982 2 0  1.7400                                                                                                                    25.0   25.0      EDTA charge analog
011000 060982 4 0   .0540                                                                                                                    25.0   25.0      EDTA charge analog
011000 029990 1 0  -.1262                                                                                                                    25.0   25.0      EDTA charge analog
011000 029990 2 0  1.7400                                                                                                                    25.0   25.0      EDTA charge analog
011000 029990 4 0   .0540                                                                                                                    25.0   25.0      EDTA charge analog
011000 029991 1 0  .54580                                                                                                                    25.0   25.0      EDTA charge analog
011000 029991 2 0   5.220                                                                                                                    25.0   25.0      EDTA charge analog
011000 029991 4 0   -.048                                                                                                                    25.0   25.0      EDTA charge analog
011000 029980 1 0 -.23450                                                                                                                    25.0   25.0      EDTA charge analog
011000 029980 2 0  .29000                                                                                                                    25.0   25.0      EDTA charge analog
011000 029980 4 0  .05900                                                                                                                    25.0   25.0      EDTA charge analog
038000 000160 1 0  0.2000                                                                                                                    25.0   25.0     Felmy et al. (1990)
038000 000160 2 0  3.1973                                                                                                                    25.0   25.0     Felmy et al. (1990)
038000 000160 3 0  -54.24                                                                                                                    25.0   25.0     Felmy et al. (1990)
011000 050980 1 0  -.2345                                                                                                                    25.0   25.0      EDTA charge analog
011000 050980 2 0  .29000                                                                                                                    25.0   25.0      EDTA charge analog
011000 050980 4 0  .05900                                                                                                                    25.0   25.0      EDTA charge analog
011000 050990 1 0  -.1262                                                                                                                    25.0   25.0      EDTA charge analog
011000 050990 2 0  1.7400                                                                                                                    25.0   25.0      EDTA charge analog
011000 050990 4 0  .05400                                                                                                                    25.0   25.0      EDTA charge analog
011000 024080 1 0 .093800                                                                                                                    25.0   25.0           Pitzer (1991)
011000 024080 2 0   1.370                                                                                                                    25.0   25.0           Pitzer (1991)
011000 024080 4 0 -.00108                                                                                                                    25.0   25.0           Pitzer (1991)
011000 092065 1 0    1.50
011000 092065 2 0   31.30
011000 093065 1 0    1.50
011000 093065 2 0   31.30
011000 093062 1 0    -.12
011000 093062 2 0    2.50
011000 093063 1 0    0.88
011000 093063 2 0   11.80
011000 095065 1 0    1.50
011000 095065 2 0   31.30
011000 097065 1 0    1.50
011000 097065 2 0   31.30
011000 097062 1 0    -.12
011000 097062 2 0    2.50
011000 097063 1 0    0.88
011000 097063 2 0   11.80
090000 000160 1 0   1.560
090000 000161 1 0   1.440
011000 090161 1 0   0.120
001000 090161 1 0   0.298
019000 090161 1 0   0.900
090000 000170 1 0   1.092
090000 000170 2 0   13.70
090000 000170 3 0   -160. 
090000 000170 4 0   -.112
094000 000170 1 0   .5856
094000 000170 2 0   5.600 
094000 000170 4 0  -.0166
094081 000170 1 9   -.035 
094081 000170 2 0   1.600
094081 000170 4 0   .0500
094082 000170 1 0   -.616
094082 000170 2 0   -.450 
094082 000170 4 0   .0500
094000 000160 1 0  3.0398
094000 000160 3 0  -2500.
011000 094063 1 0  -.2560
011000 094063 2 0   5.000
011000 094063 4 0   .0440
092000 000170 1 0   1.644
092000 000170 2 0   15.50
092000 000170 4 0   .0995
092080 000170 1 0    1.00
092080 000170 2 0   7.856
096000 000170 1 0   .1415
096000 000170 2 0   .2810
093000 000170 1 0   .4274
093000 000170 2 0   1.644
093000 000170 4 0  -.0184
095000 000170 1 0   1.644
095000 000170 2 0   15.50
095000 000170 4 0   .0995
097000 000170 1 0   .4274
097000 000170 2 0   1.644
097000 000170 4 0  -.0184
011000 096061 1 0   .1000
011000 096061 2 0   .3400
011000 096062 1 0   .4800
011000 096062 2 0   4.400
011000 096063 1 0   1.800
011000 096063 2 0   22.70
093085 000170 1 0   .4000
093085 000170 2 0   2.000
093086 000170 1 0   -.150
093086 000170 2 0   2.400
093087 000170 1 0   -.020
093087 000170 2 0   1.400
093087 000070 1 0   -.150
093087 000070 2 0    1.10
097085 000170 1 0   .4000
097085 000170 2 0   2.000
097086 000170 1 0   -.150
097086 000170 2 0   2.400
097087 000170 1 0   -.020
097087 000170 2 0   1.400
097087 000070 1 0   -.150
097087 000070 2 0     1.1
000000

