001080                 H2O  0  1 2.0 8 1.0 
055000                 Cs+  1 55 1.0
011000                 Na+  1 11 1.0 
019000                  K+  1 19 1.0 
020000                Ca++  2 20 1.0 
038000                Sr++  2 38 1.0
012000                Mg++  2 12 1.0 
024000               Cr+++  3 24                'xyl'
025000                Mn++  2 25 1.0
050000                Ba++  2 50 1.0
001000                  H+  1  1 1.0 
003000                 Li+  1  3 1.0 
012080               MgOH+  1 12 1.0 8 1.0 1 1.0 
000090                  F- -1  9 1.0
000170                 Cl- -1 17 1.0 
000160               SO4-- -2  8 4.016 1.0 
000161               HSO4- -1 16 1.0 8 4.0 1 1.0 
000162            HNO3(aq)  0                   'xyl'
000080                 OH- -1  1 1.0 8 1.0 
000060               CO3-- -2  8 3.0 6 1.0 
000061               HCO3- -1  1 1.0 8 3.0 6 1.0 
000150              PO4--- -3 15 1.0 8 4.0    
010150              HPO4-- -2 15 1.0 8 4.0 1 1.0
010151              H2PO4- -1 15 1.0 8 4.0 1 2.0
010154              HCrO4- -1                   'xyl'
010155          H2CrO4(aq)  0                   'xyl'
011010            NaSO4-   -1                   'xyl'
013000               Al+++  3 13 1.0
013050              AlOH++  2                   'xyl'
013070              AlSO4+  1                   'xyl'
013080            Al(OH)4- -1 13 1.0 8 4.0 1 4.0
013083         Al(OH)3(aq)  0 13 1.0 8 3.0 1 3.0
013990             AlEDTA- -1 13 1.099 1.0
013991          AlOHEDTA-- -2 13 1.099 1.0 8 1.0 1 1.0
013992      Al(OH)2EDTA--- -3 13 1.099 1.0 8 2.0 1 2.0
000062             CO2(aq)  0  6 1.0 8 2.0 
020060           CaCO3(aq)  0  6 1.020 1.0 8 3.0 
020160           CaSO4(aq)  0 16 1.020 1.0 8 4.0
020065           CaNO3+     1                   'xyl'
020061          Ca(CO3)2-- -2  6 2.020 1.0 8 6.0
038061           SrCO3(aq)  0  6 1.038 1.0 8 3.0
038062          Sr(CO3)2-- -2  6 2.038 1.0 8 6.0
038071            SrNO3+    1                   'xyl'
038072           SrSO4(aq)  0                   'xyl'
012060           MgCO3(aq)  0 12 1.0 6 1.0 8 3.0 
012070           MgSO4(aq)  0                   'xyl'
000050              B(OH)3  0  5 1.0 8 3.0 1 3.0
000051             B(OH)4- -1  1 4.0 8 4.0 5 1.0
000052          B3O3(OH)4- -1  1 4.0 8 7.0 5 3.0
000053         B4O5(OH)4-- -2  1 4.0 8 9.0 5 4.0
020051           CaB(OH)4+  1 20 1.0 5 1.0 1 4.0 8 4.0
012051           MgB(OH)4+  1 12 1.0 5 1.0 1 4.0 8 4.0
100060              CO2(g)     6 1.  8 2.
100062               O2(g)     8 2.
101001               H2(g)     8 2.                     'vlf'
020062              H2(aq)  0  1 2.             'xyl'
020062              O2(aq)  0  8 2.
020063             NH3(aq)  0  7 1.  3 1.
057001               La++   2 57                'xyl'
057002               La+++  3 57                'xyl'
120160           Anhydrite    20 1. 16 1.  8 4. 
111160        Aphthitalite    19 6. 16 4. 11 2.  8 16. 
120170        Antarcticite    20 1. 17 2.  8 6.  1 12. 
120060           Aragonite     6 1.  8 3. 20 1. 
119160            Arcanite    19 2. 16 1.  8 4. 
112170          Bischofite    17 2. 12 1.  8 6.  1 12. 
111161            Bloedite    16 2. 12 1. 11 2.  8 12. 1 8. 
112080             Brucite    12 1.  1 2.  8 2. 
111060            Burkeite    11 6.  6 1. 16 2.  8 11. 
120061             Calcite     6 1.  8 3. 20 1. 
120171          CaCl2.4H2O    20 1. 17 2.  8 4.  1 8. 
120172            Ca-OXY-A    20 4. 17 2.  8 19. 1 32. 
120173            Ca-OXY-B    20 2. 17 2.  8 3.  1 4. 
119170          Carnallite    19 1. 17 3. 12 1.  8 6.  1 12. 
112060            Dolomite    20 1. 12 1.  6 2.  8 6. 
112160            Epsomite    16 1. 12 1.  8 11. 1 14. 
120062          Gaylussite    11 2. 20 1.  6 2.  8 11. 1 10. 
111162          Glauberite    20 1. 16 2. 11 2.  8 8. 
120161              Gypsum    20 1. 16 1.  8 6.  1 4. 
120162         Hemihydrate    20 1. 16 1.  8 4.5 1 1. 
111170              Halite    17 1. 11 1. 
112161         Hexahydrite    16 1. 12 1.  8 10. 1 12. 
119171             Kainite    19 1. 17 1. 16 1. 12 1.  8 7.  1 6. 
119060          Kalicinite    19 1.  1 1.  8 3.  6 1. 
112162           Kieserite    16 1. 12 1.  8 5.  1 2. 
111163         Labile Salt    20 1. 16 3. 11 4.  8 14. 1 4. 
119161             Leonite    19 2. 16 2. 12 1.  8 12. 1 8. 
112061           Magnesite    12 1.  6 1.  8 3. 
112171              Mg-OXY    12 2. 17 1.  8 7.  1 11. 
119167          Mercallite    19 1.  1 1. 16 1.  8 4. 
111164          Mirabilite    16 1. 11 2.  8 14. 1 20. 
119162            Misenite    19 8.  1 6. 16 7.  8 28. 
111090          NaF(solid)    11 1.  9 1.
111061           Nahcolite    11 1.  6 1.  8 3.  1 1. 
111062              Natron    11 2.  6 1.  8 13. 1 20. 
112062        Nesquehonite    12 1.  6 1.  1 6.  8 6. 
119163         Picromerite    19 2. 16 2. 12 1.  8 14. 1 12. 
111063          Pirssonite    11 2. 20 1.  6 2.  8 8.  1 4. 
119164          Polyhalite    20 2. 19 2. 16 4. 12 1.  8 18. 1 4. 
120080         Portlandite    20 1.  8 2.  1 2. 
119061          K-CARB-3/2    19 2.  6 1.  8 4.5 1 3. 
119062        K-Sesquicarb    19 8.  1 10. 6 6.  8 21. 
119063         K-Na-CARB-6    19 1. 11 1.  6 1.  8 9.  1 12. 
119064             K-Trona    19 2. 11 1.  1 5.  6 2.  8 8. 
119165           K3H(SO4)2    19 3.  1 1. 16 2.  8 8. 
111165          Na3H(SO4)2    11 3.  1 1. 16 2.  8 8. 
111064           Na-CARB-7    11 2.  6 1.  8 10. 1 14. 
119172             Sylvite    19 1. 17 1. 
119166           Syngenite    20 1. 19 2. 16 2.  8 9.  1 2. 
112172        Tachyhydrite    20 1. 17 6. 12 2.  8 12. 1 24. 
111166          Thenardite    16 1. 11 2.  8 4. 
111065       Thermonatrite    11 2.  6 1.  8 4.  1 2. 
111066               Trona    11 3.  6 2.  8 8.  1 5. 
119167           Pentasalt    19 2. 20 5. 16 6.  1 2.0 8 25. 
111050               Borax    11 2.  5 4.  8 17. 1 20. 
111051         Pentaborate    11 1.  5 5.  8 13. 1 10. 
111052          Metaborate    11 1.  5 1.  8 6.  1 8. 
111053           Teepleite    11 2.  5 1.  8 4.  1 4. 17 1. 
100500          Boric Acid     5 1.  8 3.  1 3.
112063          Northupite    11 3. 17 1. 12 1.  6 2.  8 6. 
101000            H(solid)  1  1 1.0 
000140          H4SiO4(aq)  0 14 1.0 8 4.0 1 4.0,,,,,,,,,,note:SiO2(aq)
000141            H3SiO4-  -1 14 1.0 8 4.0 1 3.0 
000142           H2SiO4--  -2 14 1.0 8 4.0 1 2.0
000143         Si2O3(OH)4  -2 14 2.0 8 7.0 1 4.0
000144         Si2O2(OH)5  -1 14 2.0 8 7.0 1 5.0
000145         Si3O6(OH)3  -3 14 3.0 8 9.0 1 3.0
000146         Si3O5(OH)5  -3 14 3.0 8 10. 1 5.0
001148         Si4O7(OH)6  -4 14 4.0 8 13. 1 6.0
000148         Si4O8(OH)4  -4 14 4.0 8 12. 1 4.0
001146         Si4O8(OH)s  -4 14 4.0 8 12. 1 4.0
001147         Si4O6(OH)6  -2 14 4.0 8 12. 1 6.0
000149          Si6O15-6   -6 14 6.0 8 15. 
100140           SiO2(am)   0 14 1.0 8 2.0 
200140           SiO2(aq)   0 14 1.0 8 2.0      'xyl'
100141             Quartz   0 14 1.0 8 2.0
060000              Nd+++   3 60 1.0
060081             NdOH++   2 60 1.0 8 1.0 1 1.0
060082           Nd(OH)2+   1 60 1.0 8 2.0 1 2.0
060083         Nd(OH)3(aq)  0 60 1.0 8 3.0 1 3.0
060084         Nd(OH)4-    -1 60 1.0 8 4.0 1 4.0
160080         Nd(OH)3(c)   0 60 1.0 8 3.0 1 3.0
060061         NdCO3+       1 60 1.0 8 3.0 6 1.0
060062         Nd(CO3)2-   -1 60 1.0 8 6.0 6 2.0
060063         Nd(CO3)3--- -3 60 1.0 8 9.0 6 3.0
160060         NaNd(CO3)2   0 60 1.011 1.0 6 2.0 8 12. 1 12.0   
060990         NdEDTA-     -1 60 1.099 1.0
060991         NdOHEDTA--  -2 60 1.099 1.0 8 1.0 1 1.0
060992        NdOH2EDTA--- -3 60 1.099 1.0 8 2.0 1 2.0 
028000         Ni++         2 28 1.0
028081         NiOH+        1 28 1.0 8 1.0 1 1.0
128080         Ni(OH)2(c)   0 28 1.0 8 2.0 1 2.0
028061         NiCO3(aq)    0 28 1.0 8 3.0 6 1.0
128060         NiCO3(c)     0 28 1.0 8 3.0 6 1.0
028990         NiEDTA--    -2 28 1.099 1.0 
028991         NiOHEDTA--- -3 28 1.099 1.0 8 1.0 1 1.0
063000              Eu+++   3 63 1.0
163080         Eu(OH)3(c)   0 63 1.0 8 3.0 1 3.0
063140         EuH3SiO4++   2 63 1.014 1.0 8 4.0 1 3.0
063141         Eu(H3SiO)2+  1 63 1.014 2.0 8 8.0 1 6.0
000070               NO3-  -1  7 1.0 8 3.0 
000071               NO2-  -1  7 1.0 8 2.0 
011071          NaNO2(aq)   0 11 1.0 7 1.0 8 2.0
011070          NaNO3(aq)   0 11 1.0 7 1.0 8 3.0
055070          CsNO3(aq)   0 55 1.0 7 1.0 8 3.0                        'vlf'
055170           CsCl(aq)   0 55 1.0 17 3.0                             'vlf'
055160             CsSO4-  -1 55 1.0 16 1.0 8 4.0                       'vlf'
055080           CsOH(aq)   0 55 1.0 1  1.0 8 4.0                       'vlf'
101080         H2O(solid)   0  1 2.0 8 1.0 
113080         Al(OH)3(s)   0 13 1.0 8 3.0 1 3.0 
199999         Analcime     0 14 2.013 1.011 1.0 8 7.0 1 2.0
199998         Natrolite    0 14 3.013 2.011 2.0 812.0 1 4.0
199997         Cancrinite   0 14 6.013 6.011 8.0 834.0 7 2.0 1 8.0
199996         Ni2SiO4      0 14 1.0 28 2.0 16 4.0                       'vlf'
199995         Trevorite    0 26 2.0 28 1.0 16 4.0                       'vlf'
199994         Nepheline    0 14 1.0 11 1.0 13 1.0 16 4.0                'vlf'
199993         Diaspore     0 13 1.0 16 2.0 1 1.0                        'vlf'
199992         Kaolinite    0 13 2.0 16 2.0 1 1.0                        'vlf'
199991         Illite       0 13 2.3 19 0.6 12 0.25 14 3.5 8 12.0 1 2.0  'vlf'
199990         K-Feldspar   0 13 1.0 19 1.0 14 3.0 8 8.0                 'vlf'
199989         Dawsonite    0 11 1.0 13 1.0 12 1.0 8 5.0 1 2.0           'vlf'
199988         Muscovite    0 19 1.0 14 3.0 13 2.0 8 10.0 1 2.0          'vlf'
199987         Paragonite   0 14 3.0 13 3.0 11 1.0 8 12.0 1 2.0          'vlf'
199986         Gibbsite     0 13 1.0 8 3.0 1 3.0                         'vlf'
199985         Jadeite      0 14 2.0 13 1.0 11 1.0 8 6.0                 'vlf'
199984         Albite       0 14 3.0 13 1.0 11 1.0 8 6.0                 'vlf'
199983         Albite_low   0 14 3.0 13 1.0 11 1.0 8 6.0                 'vlf'
199982         Chalcedony   0 14 1.0 8 2.0                               'vlf'
199981         Alunite      0                            'xyl'
199980    Clinochlore-14A   0                            'xyl'
199979         Diopside     0                            'xyl'
199978       Hedenbergite   0                            'xyl'
199977         Hematite     0                            'xyl'
199976         Montmor-Ca   0                            'xyl'
111070         NaNO3(s)     0 11 1.0 7 1.0 8 3.0 
111071         NaNO2(s)     0 11 1.0 7 1.0 8 2.0 
024084         Cr(OH)4-    -1 24 1.0 1 4.0 8 4.0
024083         Cr(OH)3(aq)  0 24 1.0 1 3.0 8 3.0
024085         Cr2O7--     -2                             'xyl'
011240         NaCr(OH)4    0 11 1.024 1.0 1 4.0 8 4.0
124080         Cr(OH)3am    0 24 1.0 1 3.0 8 3.0
111150         Na3PO412WAT  0 113.2515 1.0 81625 12425 
109150         Na7FPO4.19H  0 11 7. 15 2.0 9 1.0 8 27. 1 38.
101150         Na2HPO4.12H  0 11 2.015 1.0 816.0 1 25.
113081         Boehmite     0 13 1.0 8 2.0 1 1.0
056000         Fe+++        3 56 1.0
056081         FeOH++       2 56 1.0 8 1.0 1 1.0
056082         Fe(OH)2+     1 56 1.0 8 2.0 1 2.0
056084         Fe(OH)4-    -1 56 1.0 8 4.0 1 4.0
156080         Fe(OH)3(s)   0 56 1.0 8 3.0 1 3.0
156081         FeOOH        0 56 1.0 8 2.0 1 1.0
000990         EDTA----    -4 99 1.0
001990         HEDTA---    -3 99 1.0 1 1.0
011990         NaEDTA---   -3 99 1.011 1.0                   'xyl'
056990         FeEDTA-     -1 56 1.099 1.0
056991         FeHEDTA(aq)  0 56 1.099 1.0 1 1.0
056992         FeOHEDTA--  -2 56 1.099 1.0 1 1.0 8 1.0
056993      Fe2OH2EDT2---- -4 56 2.099 2.0 1 2.0 8 2.0
000980         (HEDTA)---  -3 98 1.0
060980         Nd(HEDTA)    0 98 1.060 1.0
060981        NdOH(HEDTA)- -1 98 1.060 1.0 8 1.0 1 1.0
060982        NdOH2HEDTA-- -2 98 1.060 1.0 8 2.0 1 2.0
056980       Fe(HEDTA)(aq)  0 98 1.056 1.0
056981        FeOH(HEDTA)- -1 98 1.056 1.0 8 1.0 1 1.0
056982        FeOH2HEDTA-- -2 98 1.056 1.0 8 2.0 1 2.0
056983       FeOH3HEDTA--- -3 98 1.056 1.0 8 3.0 1 3.0
056984       Fe2OH2HEDTA-- -2 98 2.056 2.0 8 2.0 1 2.0
038980         SrHEDTA-    -1 98 1.038 1.0
020980         CaHEDTA-    -1 98 1.020 1.0
025980         MnHEDTA-    -1 98 1.025 1.0
028980         NiHEDTA-    -1 98 1.028 1.0
013980       Al(HEDTA)(aq)  0 98 1.013 1.0
013981         AlOH(HEDTA- -1 98 1.013 1.0 8 1.0 1 1.0
013982        AlOH2HEDTA-- -2 98 1.013 1.0 8 2.0 1 2.0
000960         NTA---      -3 96 1.0
060960         NdNTA(aq)    0 96 1.060 1.0
060961         NdOHNTA-    -1 96 1.060 1.0 8 1.0 1 1.0
060962         Nd(NTA)2--- -3 96 2.060 1.0
060963      NdOH(NTA)2---- -4 96 2.060 1.0 8 1.0 1 1.0
000970         H6G(aq)      0 97 1.0 1 6.0
001970         H5G-        -1 97 1.0 1 5.0
056970         FeH2G-      -1 56 1.097 1.0 1 2.0
056971         FeH3G(aq)    0 56 1.097 1.0 1 3.0
056972         FeOHH2G--   -2 56 1.097 1.0 1 3.0 8 1.0
056973         FeH5G++      2 56 1.097 1.0 1 5.0    
020973         CaH5G+       1 20 1.097 1.0 1 5.0
038973         SrH5G+       1 38 1.097 1.0 1 5.0
060973         NdH5G++      2 60 1.097 1.0 1 5.0
060972         Nd(H5G)2+    1 60 1.097 2.0 1 10.
028973         NiH5G+       1 28 1.097 1.0 1 5.0
028974         Ni2HG-      -1 28 2.097 1.0 1 2.0
013973         AlH5G++      2 13 1.097 1.0 1 5.0
013972         AlH4G+       1 13 1.097 1.0 1 4.0
013970         AlH2G-      -1 13 1.097 1.0 1 2.0      
038990         SrEDTA--    -2 99 1.038 1.0
020990         CaEDTA--    -2 99 1.020 1.0
025990         MnEDTA--    -2 99 1.025 1.0
138060         SrCO3(c)     0 38 1.0 6 1.0 8 3.0 
138080         Sr(OH)2.8H2  0 38 1.0 8 10. 1 18.
025080         MnOH+        1 25 1.0 1 1.0 8 1.0
025084         Mn(OH)4--   -2 25 1.0 1 4.0 8 4.0
125080         Mn(OH)2(s)   0 25 1.0 1 2.0 8 2.0
125060         MnCO3(c)     0 25 1.0 8 3.0 6 1.0
025081         MnO4-       -1 25 1.0 8 4.0
125081         MnO2(c)      0 25 1.0 8 2.0
125082         Mn2O3        0 25 2.0 8 3.0
125083         Mn3O4        0 25 3.0 8 4.0
125091        Mn(NO3)2(aq)  0                   'xyl'
125092         MnNO3+       1                   'xyl'
029000         Cu++         2 29 1.0
029990         CuEDTA--    -2 29 1.099 1.0
029991        CuOHEDTA---  -3 29 1.099 1.0 8 1.0 1 1.0
029980         Cu(HEDTA)-  -1 29 1.098 1.0
029083         Cu(OH)3-    -1 29 1.0 8 3.0 1 3.0
029084         Cu(OH)4--   -2 29 1.0 8 4.0 1 4.0
129080         Cu(OH)2(s)   0 29 1.0 8 2.0 1 2.0
029060         CuCO3(aq)    0 29 1.0 6 1.0 8 3.0
029061         Cu(CO3)2--  -2 29 1.0 6 2.0 8 6.0
129060         CuCO3(c)     0 29 1.0 6 1.0 8 3.0
129061         Malachite    0 29 2.0 6 1.0 8 5.0 1 2.0
129062         Azurite      0 29 3.0 6 2.0 8 8.0 1 2.0
082000         Pb++         2 82 1.0
082083         Pb(OH)3-    -1 82 1.0 8 3.0 1 3.0
082061         PbCO3(aq)    0 82 1.0 8 3.0 6 1.0
082062         Pb(CO3)2--  -2 82 1.0 8 6.0 6 2.0
082980         PbHEDTA-    -1 82 1.098 1.0
082990         PbEDTA--    -2 82 1.099 1.0       'xyl'
182060         PbCO3(c)     0 82 1.0 8 3.0 6 1.0
182080         Pb(OH)2(c)   0 82 1.0 8 2.0 1 2.0
182061         Pb3CO32OH2   0 82 3.0 8 8.0 6 2.0 1 2.0 
050980         BaHEDTA-    -1 50 1.098 1.0
050990         BaEDTA--    -2 50 1.099 1.0
050160         BaSO4(aq)    0 50 1.016 1.0 8 4.0
050110         BaNO3+       1                   'xyl'
150160         Barite       0 50 1.016 1.0 8 4.0
050060         BaCO3(aq)    0 50 1.0 6 1.0 8 3.0
150060         BaCO3(c)     0 50 1.0 6 1.0 8 3.0
138160         Celestite    0 38 1.016 1.0 8 4.0
057000         Fe++         2 56 1.0
057080         FeOH+        1 56 1.0 8 1.0 1 1.0
057081         Fe(OH)2(aq)  0 56 1.0 8 2.0 1 2.0
057082         Fe(OH)3-    -1 56 1.0 8 3.0 1 3.0
057083         Fe(OH)4--   -2 56 1.0 8 4.0 1 4.0
057060         FeCO3(aq)    0 56 1.0 8 3.0 6 1.0
057061         Fe(CO3)2--  -2 56 1.0 8 6.0 6 2.0
057070         FeNO3++      2                   'xyl'
157080         Fe(OH)2(c)   0 56 1.0 8 2.0 1 2.0
056060         FeOHCO3(aq)  0 56 1.0 8 4.0 1 1.0 6 1.0
056061         Fe(CO3)2-   -1 56 1.0 8 6.0 6 2.0
156570         Magnetite    0 56 3.0 8 4.0
157060         Siderite     0 56 1.0 8 3.0 6 1.0
057990         FeEDTA--    -2 56 1.099 1.0
024080         CrO4--      -2 24 1.0 8 4.0
024082         Cr2O2(OH)4  -2 24 2.0 8 6.0 1 4.0
024990         CrEDTA-     -1 24 1.099 1.0
024991         CrOHEDTA--  -2 24 1.099 1.0 8 1.0 1 1.0
109160         NaF.Na2SO4   0 11 3.0 9 1.016 1.0 8 4.0
107160         NO3.SO4.H2O  0 11 3.0 7 1.016 1.0 8 8.0 1 2.0
090000         Th++++       4       -284.227 90 1.0
090080         ThOH+++      3       -372.361 90 1.0 8 1.0 1 1.0
090083         Th(OH)3+     1       -542.896 90 1.0 8 3.0 1 3.0
090084         Th(OH)4(aq)  0       -628.543 90 1.0 8 4.0 1 4.0
090160        Th(SO4)2(aq)  0       -911.690 90 1.016 2.0 8 8.0
090161         Th(SO4)3--  -2       -1214.00 90 1.016 3.0 8 12.
190160         Th(SO4)2.9H  0       -1775.90 90 1.016 2.0 1 18. 8 17.
190161         Th(SO4)2.8H  0       -1680.00 90 1.016 2.0 1 16. 8 16.
190162         Th(SO4).NaS  0       -2011.29 90 1.016 3.011 2.0 8 18. 1 12.
190080         ThO2(am)     0       -451.408 90 1.0 8 2.0
090090         ThF3+        1       -665.120 90 1.0 9 3.0
090091         ThF4(aq)     0       -785.507 90 1.0 9 4.0
090092         ThF5-       -1       -903.571 90 1.0 9 5.0
090093         ThF6--      -2      -1017.875 90 1.0 9 6.0
190090         ThF4.nH2O    0       -800.694 90 1.0 9 4.0
190091         ThF.NaF.H2O  0      -1126.220 90 1.011 1.0 9 5.0 8 1.0 1 2.0
092000         U++++        4       -213.755 92 1.0
092080         UOH+++       3       -308.265 92 1.0 8 1.0 1 1.0
192000         UO2(am)      0       -399.235 92 1.0 8 2.0
192001         UO2(c)       0       -416.260 92 1.0 8 2.0
092065         U(CO3)5-6   -6      -1344.998 92 1.0 6 5.0 8 15.
092062        U(OH)2CO32   -2       -861.648 92 1.0 6 2.0 8 8.0 1 2.0
093000         UO2++        2       -384.276 92 1.0 8 2.0
093080         UO2OH+       1       -467.968 92 1.0 8 3.0 1 1.0
093081        UO2(OH)2(aq)  0       -551.891 92 1.0 8 4.0 1 2.0
093082         UO2(OH)3-   -1       -627.064 92 1.0 8 5.0 1 3.0
093083         UO2(OH)4--  -2       -690.952 92 1.0 8 6.0 1 4.0
093084         (UO2)2OH+++  3       -858.001 92 2.0 8 5.0 1 1.0
093085       (UO2)2(OH)2++  2       -946.944 92 2.0 8 6.0 1 2.0
093086       (UO2)3(OH)4++  2      -1508.092 92 3.0 8 10. 1 4.0
093087        (UO2)3(OH)5+  1      -1595.354 92 3.0 8 11. 1 5.0
093088        (UO2)3(OH)7- -1      -1751.110 92 3.0 8 13. 1 7.0
093061         UO2CO3(aq)   0       -619.530 92 1.0 8 5.0 6 1.0
193061         UO2CO3(c)    0       -630.561 92 1.0 8 5.0 6 1.0
093062         UO2(CO3)2-- -2       -849.212 92 1.0 8 8.0 6 2.0
093063       UO2(CO3)3---- -4      -1072.907 92 1.0 8 11. 6 3.0
093064     (UO2)2CO3(OH)3- -1      -1266.541 92 2.0 8 10. 6 1.0 1 3.0
093065      (UO2)3(CO3)6-6 -6      -2554.960 92 3.0 8 24. 6 6.0
093066         (UO2)3OOHHC  1      -1654.294 92 3.0 8 12. 6 1.0 1 3.0
093067(UO2)11(CO3)6(OH)1-- -2      -6736.668 92 11. 8 52. 6 6.0 1 12.
193200         CaUO4(c)     0       -762.267 92 1.020 1.0 8 4.0
193201         Becquerlite  0      -4150.276 92 6.020 1.0 8 30. 1 22.
094000         Pu+++        3       -233.425 94 1.0
094081          PuOH++      2       -311.681 94 1.0 8 1.0 1 1.0
094082         Pu(OH)2+     1       -388.371 94 1.0 8 2.0 1 2.0
094083         Pu(OH)3(aq)  0       -454.562 94 1.0 8 3.0 1 3.0
094061         PuCO3+       1       -428.869 94 1.0 6 1.0 8 3.0
094062         Pu(CO3)2-   -1       -687.635 94 1.0 6 2.0 8 6.0
094063         Pu(CO3)3--- -3       -907.256 94 1.0 6 3.0 8 9.0
194080         Pu(OH)3(s)   0       -484.000 94 1.0 8 3.0 1 3.0
095000         Pu++++       4       -194.279 94 1.0
095065       Pu(CO3)5-6    -6      -1337.710 94 1.0 6 5.0 8 15.
095062        Pu(OH)2CO3-- -2       -850.100 94 1.0 6 2.0 8 8.0 1 2.0
195080         PuO2(am)     0       -387.594 94 1.0 8 2.0
096000         PuO2+        1       -342.796 94 1.0 8 2.0
096081         PuO2OH(aq)   0       -412.417 94 1.0 8 3.0 1 1.0
096082         PuO2(OH)2-  -1       -479.920 94 1.0 8 4.0 1 2.0
096061         PuO2CO3-    -1       -549.322 94 1.0 6 1.0 8 5.0
096062       PuO2(CO3)2--  -3       -783.582 94 1.0 6 2.0 8 8.0
096063       PuO2(CO3)3-5  -5       -993.993 94 1.0 6 3.0 8 11.
097000          PuO2++      2       -305.326 94 1.0 8 2.0
097080          PuO2OH+     1       -389.068 94 1.0 8 3.0 1 1.0
097081       PuO2(OH)2(aq)  0       -472.991 94 1.0 8 4.0 1 2.0
097082         PuO2(OH)3-  -1       -548.164 94 1.0 8 5.0 1 3.0
097083         PuO2(OH)4-- -2       -612.052 94 1.0 8 6.0 1 4.0
097084        (PuO2)2OH+++  3       -700.201 94 2.0 8 5.0 1 1.0
097085      (PuO2)2(OH)2++  2       -789.144 94 2.0 8 6.0 1 2.0
097086      (PuO2)3(OH)4++  2      -1271.392 94 3.0 8 10. 1 4.0
097087       (PuO2)3(OH)5+  1      -1358.654 94 3.0 8 11. 1 5.0
097088       (PuO2)3(OH)7- -1      -1514.410 94 3.0 8 13. 1 7.0
097061         PuO2CO3(aq)  0       -540.630 94 1.0 8 5.0 6 1.0
197061         PuO2CO3(c)   0       -551.661 94 1.0 8 5.0 6 1.0
097062        PuO2(CO3)2-- -2       -770.312 94 1.0 8 8.0 6 2.0
097063      PuO2(CO3)3---- -4       -994.007 94 1.0 8 11. 6 3.0
097064    (PuO2)2CO3(OH)3- -1      -1108.741 94 2.0 8 10. 6 1.0 1 3.0
097065     (PuO2)3(CO3)6-6 -6      -2318.260 94 3.0 8 24. 6 6.0
097066         (PuO23OOHHC  1      -1417.594 94 3.0 8 12. 6 1.0 1 3.0
097067(PuO2)11(CO3)6(OH)12 -2      -5868.768 94 11. 8 52. 6 6.0 1 12.
194062         NaPu(CO3)2   0      -1388.197 94 1.011 1.0 6 2.0 8 12. 1 12.
194061         PuOHCO3(c)   0       -561.612 94 1.0 6 1.0 8 4.0 1 1.0
194080         Pu(OH)3(c)   0       -485.969 94 1.0 8 3.0 1 3.0
196080         PuO2OH(am)   0       -426.402 94 1.0 8 3.0 1 1.0
196061         NaPuO2CO3    0       -686.558 94 1.011 1.0 8 5.0
196062        Na3PuO2(CO3   0      -1118.288 94 1.011 3.0 8 8.0
043000          TcO++       2        -47.118 43 1.0 8 1.0
043082        TcO(OH)2(aq)  0       -229.234 43 1.0 8 3.0 1 2.0
043081         TcO(OH)+     1       -139.327 43 1.0 8 2.0 1 1.0
143080         TcO2.1.6H2O  0       -305.974 43 1.0 8 3.6 1 3.2
043083         TcO(OH)3-   -1       -299.798 43 1.0 8 4.0 1 3.0
143081         TcO2(c)      0       -162.108 43 1.0 8 2.0
043084         TcO4-       -1       -257.133 43 1.0 8 4.0
043001         TcO4--      -2 43 1.0 8 4.0
143082         Tc2O7(c)     0 43 2.0 8 7.0
143083         Tc2O7.H2O    0 43 2.0 8 8.0 1 2.0
043080         TcO(OH)+     1 43 1.0 8 2.0 1 1.0
043081         TcO(OH)2aq   0 43 1.0 8 3.0 1 2.0
043082         TcO(OH)3-   -1 43 1.0 8 4.0 1 3.0
143110         NaTcO4.4H2O  0 43 1.011 1.0 8 8.0 1 8.0
143550         CsTcO4(c)    0 43 1.055 1.0 8 4.0
143190         KTcO4(c)     0 43 1.019 1.0 8 4.0
043060         TcCO3(OH)2a  0 43 1.0 6 1.0 8 5.0 1 2.0
043061         TcCO3(OH)3- -1 43 1.0 6 1.0 8 6.0 1 3.0
055000         Cs+          1 55
043002         Tc4+         1 24
093000         NpO2+        1 93 1.0 8 2.0
093001         Np+++        3 93 1.0
093002         Np++++       4 93 1.0
093003         NpO2++       2 93 1.0 8 2.0
093080         NpOH++       2 93 1.0 8 1.0 1 1.0
093081         NpOH+++      3 93 1.0 8 1.0 1 1.0
193080         NpO2OHa,age  0 93 1.0 8 3.0 1 1.0
193081         NpO2OHa,frs  0 93 1.0 8 3.0 1 1.0
093082         NpO2OH(aq)   0 93 1.0 8 3.0 1 1.0
093083         NpO2OH+      1 93 1.0 8 3.0 1 1.0
193082         NpO2(OH)2c   0 93 1.0 8 4.0 1 2.0
093084         NpO2(OH)2-  -1 93 1.0 8 4.0 1 2.0
193083         NpO3.H2Oc    0 93 1.0 8 4.0 1 2.0
093085         Np(OH)4(aq)  0 93 1.0 8 4.0 1 4.0
193090         NpF4(c)      0 93 1.0 9 4.0
093090         NpO2F(aq)    0 93 1.0 9 1.0 8 2.0
093150         NpO2HPO4-   -1 93 1.015 1.0 8 6.0 1 1.0
093060         NpO2CO3-    -1 93 1.0 6 1.0 8 5.0
093061        NpO2(CO3)2-- -2 93 1.0 6 2.0 8 8.0
093062       NpO2(CO3)2--- -3 93 1.0 6 2.0 8 8.0
093063         Np(CO3)3--- -3 93 1.0 6 3.0 8 9.0
093064         NpO2(CO33-5 -5 93 1.0 6 3.0 8 11.
093065        Np(CO3)4---- -4 93 1.0 6 4.0 8 12.
093066          Np(CO3)5-6 -6 93 1.0 6 5.0 8 15.
093067         NpO23CO36-6 -6 93 3.0 6 6.0 8 24.
093068     NpO2CO32OH----  -4 93 1.0 6 2.0 8 9.0 1 1.0
093069        NpO22CO3OH3- -1 93 2.0 6 1.0 8 10.
193060         NaNpO2CO3ag  0 93 1.011 1.0 6 1.0 8 5.0
193061         Na3NpO2CO32  0 93 1.011 3.0 6 2.0 8 8.0
193062        NaNpO2CO3H2O  0 93 1.011 1.0 6 1.0 8 8.5 1 7.0
193084        NpO2(am,hyd)  0 93 1.0 8 2.0
193085         NpO2(c)      0 93 1.0 8 2.0
193086         Np2O5(c)     0 93 2.0 8 5.0
095000         Am+++        3 95 1.0
095001         Am++         2 95 1.0
095002         Am++++       4 95 1.0
095080         AmOH++       2 95 1.0 8 1.0 1 1.0
095081         Am(OH)2+     1 95 1.0 8 2.0 1 2.0
195080         Am(OH)3(am)  0 95 1.0 8 3.0 1 3.0
095082         Am(OH)3(aq)  0 95 1.0 8 3.0 1 3.0
195081         Am(OH)3(c)   0 95 1.0 8 3.0 1 3.0
095090         AmF++        2 95 1.0 9 1.0
095091         AmF2+        1 95 1.0 9 2.0
195090         AmF3(c)      0 95 1.0 9 3.0
195091         AmF4(c)      0 95 1.0 9 4.0
095060         AmCO3+       1 95 1.0 6 1.0 8 3.0
095061         Am(CO3)2-   -1 95 1.0 6 2.0 8 6.0
095062         Am(CO3)3--- -3 95 1.0 6 3.0 8 9.0
095063         Am(CO3)5-6  -6 95 1.0 6 5.0 8 15.
195060         Am2(CO3)3c   0 95 2.0 6 3.0 8 9.0
195061         AmOHCO3(c)   0 95 1.0 6 1.0 8 4.0 1 1.0
195082         AmO2(c)      0 95 1.0 8 2.0
195083         Am2O3(c)     0 95 2.0 8 3.0
095003         AmO2+        1 95 1.0 8 2.0
095004         AmO2++       2 95 1.0 8 2.0
095170         AmCl++       2 95 1.017 1.0
095171         AmCl++       1 95 1.017 2.0
092000         UO2++        2 92 1.0 8 2.0
092001         U+++         3 92 1.0
092002         U++++        4 92 1.0
192000         UO2(c)       0 92 1.0 8 2.0
092003         UO2+         1 92 1.0 8 2.0
192001         UO2.25(c)    0 92 1.0 82.25
192002         B-UO2.25     0 92 1.0 82.25
192003         B-UO2.33     0 92 1.0 82.33
192004         UO2.667(c)   0 92 1.0 82.67
192005         a-UO3        0 92 1.0 8 3.0
192006         B-UO3        0 92 1.0 8 3.0
192007         G-UO3        0 92 1.0 8 3.0
092080         UOH+++       3 92 1.0 8 1.0 1 1.0
092081         UO2OH+       1 92 1.0 8 3.0 1 1.0
092082         UO2(OH)2aq   0 92 1.0 8 4.0 1 2.0
192081         B-UO2(OH)2   0 92 1.0 8 4.0 1 2.0
092083         U(OH)4(aq)   0 92 1.0 8 4.0 1 4.0
092084         UO2(OH)3-   -1 92 1.0 8 5.0 1 3.0
192082         UO3.2H2O(c)  0 92 1.0 8 5.0 1 4.0
092085         U(OH)5-     -1 92 1.0 8 5.0 1 5.0
092086         UO2(OH)4--  -2 92 1.0 8 6.0 1 4.0
092087         (UO2)2OH+++  3 92 2.0 8 5.0 1 1.0
092088         (UO2)2OH2++  2 92 2.0 8 6.0 1 2.0
092089         (UO2)3OH4++  2 92 3.0 8 10. 1 4.0
092004         (UO2)3OH5+   1 92 3.0 8 11. 1 5.0
092005         (UO2)3OH7-  -1 92 3.0 8 13. 1 7.0
092006         (UO2)4OH7+   1 92 4.0 8 15. 1 7.0
092090         UF+++        3 92 1.0 9 1.0
092091         UF2++        2 92 1.0 9 2.0
192090         UF3(c)       0 92 1.0 9 3.0
092092         UF3+         1 92 1.0 9 3.0
092093         UF4(aq)      0 92 1.0 9 4.0
192091         UF4(c)       0 92 1.0 9 4.0
092094         UO2F+        1 92 1.0 9 1.0 8 2.0
092095         UO2F2(aq)    0 92 1.0 9 2.0 8 2.0
192092         UO2F2(c)     0 92 1.0 9 2.0 8 2.0
092096         UO2F3-      -1 92 1.0 9 3.0 8 2.0
092097         UO2F4--     -2 92 1.0 9 4.0 8 2.0
092160         USO4++       2 92 1.016 1.0 8 4.0
192160         UO2SO4(c)    0 92 1.016 1.0 8 6.0
192161         UO2SO4.2.5w  0 92 1.016 1.0 8 8.5 1 5.0
192162         UO2SO4.3H2O  0 92 1.016 1.0 8 9.0 1 6.0
192163         UO2SO4.3.5w  0 92 1.016 1.0 8 9.5 1 7.0
192070         UO2(NO3)2c   0 92 1.0 7 2.0 8 8.0
192071         UO2(NO3)2.w  0 92 1.0 7 2.0 8 9.0 1 2.0
192072         UO2(NO3)22w  0 92 1.0 7 2.0 8 10. 1 4.0
192073         UO2(NO3)23w  0 92 1.0 7 2.0 8 11. 1 6.0
192074         UO2(NO3)26w  0 92 1.0 7 2.0 8 14. 1 12.
092150         UO2PO4-     -1 92 1.015 1.0 8 6.0
192150         UP2O7(c)     0 92 1.015 2.0 8 7.0
192151         (UO2)2P2O7   0 92 2.015 2.0 8 11.
192152         (UO2)3PO42c  0 92 3.015 2.0 8 14.
092153         UO2HPO4(aq)  0 92 1.015 1.0 8 6.0 1 1.0
092154         UO2H2PO4+    1 92 1.015 1.0 8 6.0 1 2.0
092155         UO2H3PO4++   2 92 1.015 1.0 8 6.0 1 3.0
092156         UO2(H2PO4)2  0 92 1.015 2.0 8 10. 1 4.0
092157         UO2H2H3PO4+  1 92 1.015 2.0 8 10. 1 5.0
192153         UO23PO42.4w  0 92 3.015 2.0 8 18. 1 8.0
192154         UO23PO42.6w  0 92 3.015 2.0 8 20. 1 12.
092060         UO2CO3(aq)   0 92 1.0 6 1.0 8 5.0
192061         UO2CO3(c)    0 92 1.0 6 1.0 8 5.0
092062         UO2(CO3)2-- -2 92 1.0 6 2.0 8 8.0
092063       UO2(CO3)3---- -4 92 1.0 6 3.0 8 11.
092064         UO2(CO3)3-5 -5 92 1.0 6 3.0 8 11.
092065        U(CO3)4----  -4 92 1.0 6 4.0 8 12.
092066         U(CO3)5-6   -6 92 1.0 6 5.0 8 15.
092067        (UO2)3CO3-6  -6 92 3.0 6 6.0 8 24.
092068         UO22CO3OH3- -1 92 2.0 6 1.0 8 10. 1 3.0
092069         UO23OOH2HCO  1 92 3.0 6 1.0 8 12. 1 3.0
092680       UO211CO36OH-- -2 92 11. 6 6.0 8 52. 1 12.
192140         USiO4(c)     0 92 1.014 1.0 8 4.0
111920         NaUO3(c)     0 92 1.011 1.0 8 3.0
111921         a-Na2UO4     0 92 1.011 2.0 8 4.0
111922         Na3UO4(c)    0 92 1.011 3.0 8 4.0
111923         Na2U2O7(c)   0 92 2.011 2.0 8 7.0
111924         Na4UO2CO33c  0 92 1.011 4.0 6 3.0 8 11.
094990         PuOHEDTA-   -1 94 1.099 1.0 8 1.0 1 1.0
094991       Pu(OH)2EDTA-- -2 94 1.099 1.0 8 2.0 1 2.0
094992      Pu(OH)3EDTA--- -3 94 1.099 1.0 8 3.0 1 3.0
095990         AmEDTA-     -1 95 1.099 1.0
095991         AmOHEDTA--  -2 95 1.099 1.0 8 1.0 1 1.0
094993         PuEDTA-     -1 94 1.099 1.0
094994         PuOHEDTA--  -2 94 1.099 1.0 8 1.0 1 1.0
092990         UO2EDTA--   -2 92 1.099 1.0 8 2.0
092991         UO2HEDTA-   -1 92 1.099 1.0 8 2.0 1 1.0
093990         NpO2EDTA--- -3 93 1.099 1.0 8 2.0
093991        NpO2HEDTA--- -3 93 1.099 1.0 8 2.0 1 1.0
095980         Am(HEDTA)aq  0 95 1.098 1.0
095981        AmOH(HEDTA)- -1 95 1.098 1.0 8 1.0 1 1.0
094980         Pu(HEDTA)aq  0 94 1.098 1.0
094981        PuOH(HEDTA)- -1 94 1.098 1.0 8 1.0 1 1.0
095960         AmNTA(aq)    0 95 1.096 1.0
095961         Am(NTA)2--- -3 95 1.096 2.0
095962         AmOHNTA-    -1 95 1.096 1.0 8 1.0 1 1.0
095963        AmOHNTA2---- -4 95 1.096 2.0 8 1.0 1 1.0
094960         PuNTA(aq)    0 94 1.096 1.0
094961         Pu(NTA)2--- -3 94 1.096 2.0
094962         PuOHNTA-    -1 94 1.096 1.0 8 1.0 1 1.0
094963        PuOHNTA2---- -4 94 1.096 2.0 8 1.0 1 1.0
000001              Tracer  0          
    -1
